List of:
j, (j-1)*(3j-4)/2, j(3j-1)/2
for which sum is also pentagonal (but not nec. difference).

26 925 1001
533 424270 425867
29238 1282188635 1282276347
614313 566068542860 566070385797
33739858 1707566908700745 1707567009920317
72353823 7852613300834615 7852613517896082
126962216 24179105993078230 24179106373964876
165576181 41123206992300510 41123207489029051
181570609 49451828443449192 49451828988161017
204190146 62540422870586465 62540423483156901
220184574 72721869170696207 72721869831249927
258798539 100465024777006897 100465025553402512
274792967 113266761107219251 113266761931598150
297412504 132681295262381262 132681296154618772
313406932 147335856441554676 147335857381775470
320032041 153630759779826380 153630760739922501
329401360 162757882801869642 162757883790073720
336026469 169370680626819302 169370681634898707
352020897 185878066654953776 185878067711016465
368015325 203152917864229802 203152918968275775
390634862 228893391747416551 228893392919321135
406629290 248021067805653637 248021069025541505
413254399 256168795992886407 256168797232649602
429248827 276381831718943001 276381833006689480
445243255 297362332626141147 297362333961870910
461237683 319110298714480845 319110300098193892
467862792 328343386569533126 328343387973121500
483857220 351176712325692332 351176713777263990
499851648 374777503262993090 374777504762548032
506476757 384778056299186926 384778057818617195
515846076 399145759381435400 399145760928973626
522471185 409464206904307192 409464208471720745
538465613 434917822690569010 434917824305965847
545090722 445685840907904401 445685842543176565
554460041 461138903657972380 461138905321352501
561085150 472224816361985727 472224818045241175
570454469 488127449806517302 488127451517880707
577079578 499531256997208605 499531258728447337
583704687 511066740395685551 511066742146799610
False
593074006 527605162813573035 527605164592795051
False
599699115 539458540698727937 539458542497825280
False
606324224 551443594791668482 551443596610641152
False
609068434 556446533811079017 556446535638284317
False
615693543 568617806182911875 568617808029992502
False
622318652 580920754762530376 580920756629486330
False
631687971 598544536848237365 598544538743301276
False
638313080 611165379914533822 611165381829473060
False
641057290 616431671349515637 616431673272687505
False
647682399 629238732694704407 629238734637751602
False
654307508 642177470247678820 642177472210601342
False
660932617 655247884008438876 655247885991236725
False
663676827 660700393722313001 660700395713343480
False
670301936 673957025761965370 673957027772871176
False
676927045 687345334009403382 687345336040184515
False
679671255 692929519931063147 692929521970076910
False
686296364 706504046457393472 706504048516282562
False
692921473 720210249191509440 720210251270273857
False
699546582 734048128133411051 734048130232050795
False
702290792 739818532333963126 739818534440835500
False
708915901 753842629554757050 753842631681504751
False
715541010 767998402983336617 767998405129959645
False
724910329 788242475099146212 788242477273877197
False
731535438 802716143014403735 802716145209010047
False
738160547 817321487137446901 817321489351928540
False
740904757 823409785824676926 823409788047391195
False
747529866 838201348226612405 838201350469202001
False
750274076 844366781050521400 844366783301343626
False
754154975 853124586836333527 853124589098798450
False
763524294 874454018619962627 874454020910535507
False
770149403 889695151716361705 889695154026809912
False
772893613 896046802819163010 896046805137843847
False
779518722 911474154194454401 911474156533010565
False
786143831 927033181777531435 927033184135962926
False
792768940 942723885568394112 942723887946700930
False
795513150 949261754950087727 949261757336627175
False
802138259 965138677019842717 965138679426257492
False
808763368 981147275297383350 981147277723673452
False
815388477 997287549782709626 997287552228875055
False
818132687 1004011637443295551 1004011639897693610
False
824757796 1020338130207514140 1020338132681787526
False
840752224 1060296450298786482 1060296452821043152
False
847377333 1077072513757468670 1077072516299600667
False
850121543 1084059953833625875 1084059956383990502
False
856746652 1101022235571200376 1101022238141440330
False
863371761 1118116193516560520 1118116196106675801
False
866115971 1125235309800503365 1125235312398851276
False
869996870 1135341827669706307 1135341830279696915
False
872741080 1142515486024755822 1142515488642979060
False
879366189 1159927338456793922 1159927341094892487
False
885991298 1177470867096617665 1177470869754591557
False
885991298 1177470867096617665 1177470869754591557
False
895360617 1202505948578168876 1202505951264250725
False
901985726 1220367371704670575 1220367374410627751
False
908610835 1238360471038957917 1238360473764790420
False
911355045 1245852023880685382 1245852026614750515
False
917980154 1264031341493865037 1264031344247805497
False
920724364 1271600028472271472 1271600031234444562
False
924605263 1282342335314830335 1282342338088646122
False
927349473 1289965564364343440 1289965567146391857
False
933974582 1308462776464201051 1308462779266124795
False
943343901 1334846570029143050 1334846572859174751
False
947224800 1345852229287273202 1345852232128947600
False
949969010 1353661676615678617 1353661679465585645
False
956594119 1372608459409999827 1372608462279782182
False
965963438 1399628041948297735 1399628044846188047
False
972588547 1418892719229296901 1418892722147062540
False
979213656 1438289072718081710 1438289075655722676
False
981957866 1446361872462058405 1446361875407932001
False
988582975 1465944444229735527 1465944447195484450
False
995208084 1485658692205198292 1485658695190822542
False
1001833193 1505504616388446700 1505504619393946277
False
1004577403 1513763634411315705 1513763637425047912
False
1011202512 1533795776873456426 1533795779907063960
False
1013946722 1542131929033004401 1542131932074844565
False
1015083411 1545591493378300445 1545591496423550676
False
1017827621 1553959595543382790 1553959598596865651
False
1020571831 1562350289774037435 1562350292835752926
False
1027196940 1582700326722856112 1582700329804446930
False
1029941150 1591168155090189727 1591168158180013175
False
1033822049 1603182039879460432 1603182042980926577
False
1036566259 1611704410317900717 1611704413427599492
False
1043191368 1632372341753397350 1632372344882971452
False
1045935578 1640971846328516605 1640971849466323337
False
1049816477 1653171949396679626 1653171952546129055
False
1052560687 1661825996042905551 1661825999200587610
False
1053697376 1665417236595987250 1665417239757079376
False
1056441586 1674103233247747545 1674103236417072301
False
1059185796 1682811821965080140 1682811825142637526
False
1065810905 1703929324095040372 1703929327292473085
False
1072436014 1725178502432786247 1725178505650094287
False
1075180224 1734018767357904482 1734018770583445152
False
1079061123 1746559356978317765 1746559360215501132
False
1081805333 1755454163974542670 1755454167219958667
False
1084549543 1764371563036339875 1764371566289988502
False
1085686232 1768071887731634926 1768071890988693620
False
1088430442 1777021236798966501 1777021240064257825
False
1091174652 1785993177931870376 1785993181205394330
False
1095055551 1798719985831175975 1798719989116342626
False
1097799761 1807746469035186520 1807746472328585801
False
1100543971 1816795544304769365 1816795547606401276
False
1104424870 1829631436346288307 1829631439659562915
False
1107169080 1838735053686977822 1838735057008485060
False
1111049979 1851648079865175737 1851648083198325672
False
1113794189 1860806239276971922 1860806242618354487
False
1116538399 1869986990754340407 1869986994103955602
False
1120419298 1883009101074751665 1883009104436009557
False
1123163508 1892244394623226820 1892244397992717342
False
1124300197 1896076395526307526 1896076398899208115
False
1127044407 1905343639080317051 1905343642461450270
False
1129788617 1914633474699898876 1914633478089264725
False
1133669516 1927809853293668080 1927809856694676626
False
e
988582975 1465944444229735527 1465944447195484450
False
995208084 1485658692205198292 1485658695190822542
False
1001833193 1505504616388446700 1505504619393946277
False
1004577403 1513763634411315705 1513763637425047912
False
1011202512 1533795776873456426 1533795779907063960
False
1013946722 1542131929033004401 1542131932074844565
False
1015083411 1545591493378300445 1545591496423550676
False
1017827621 1553959595543382790 1553959598596865651
False
1020571831 1562350289774037435 1562350292835752926
False
1136413726 1937154230984356575 1937154234393597751
False
1139157936 1946521200740617370 1946521204158091176
False
1140294625 1950407743714804752 1950407747135688625
False
^CTraceback (most recent call last):
  File "<stdin>", line 2, in <module>
KeyboardInterrupt




